0 0.26953125 0.20312500000000003 0.21484375 0.203125 0.21484375000000003 0.267578125 0.26953125 0.267578125
1 0.306640625 0.20507812500000006 0.248046875 0.20507812500000006 0.24804687500000003 0.267578125 0.306640625 0.267578125
1 0.337890625 0.19921875000000006 0.279296875 0.19921875000000006 0.279296875 0.26953125 0.337890625 0.26953125
7 0.369140625 0.20312500000000006 0.314453125 0.20312500000000006 0.314453125 0.2734375 0.369140625 0.2734375
5 0.40234375 0.20117187500000006 0.353515625 0.20117187500000006 0.353515625 0.2734375 0.40234375 0.2734375
8 0.439453125 0.21093750000000006 0.38671875 0.21093750000000006 0.38671875 0.26953125 0.439453125 0.26953125
0 0.1582031250000001 0.6953125 0.1347656250000001 0.6953125 0.1347656250000001 0.71484375 0.1582031250000001 0.71484375
8 0.1757812500000001 0.720703125 0.1523437500000001 0.720703125 0.1523437500000001 0.740234375 0.1757812500000001 0.740234375
0 0.1953125000000001 0.748046875 0.1738281250000001 0.748046875 0.1738281250000001 0.765625 0.1953125000000001 0.765625
3 0.1875000000000001 0.736328125 0.1621093750000001 0.736328125 0.1621093750000001 0.75390625 0.1875000000000001 0.75390625
1 0.1699218750000001 0.7109375 0.1425781250000001 0.7109375 0.1425781250000001 0.7265625 0.1699218750000001 0.7265625