5 0.4238281250000001 0.517578125 0.4082031250000001 0.517578125 0.4082031250000001 0.5390625 0.4238281250000001 0.5390625
0 0.4101562500000001 0.515625 0.3964843750000001 0.515625 0.3964843750000001 0.53515625 0.4101562500000001 0.53515625
6 0.3984375000000001 0.517578125 0.3828125000000001 0.517578125 0.3828125000000001 0.5390625 0.3984375000000001 0.5390625
0 0.3867187500000001 0.517578125 0.3710937500000001 0.517578125 0.3710937500000001 0.5390625 0.3867187500000001 0.5390625
0 0.3730468750000001 0.517578125 0.3574218750000001 0.517578125 0.3574218750000001 0.5390625 0.3730468750000001 0.5390625
0 0.3593750000000001 0.517578125 0.3457031250000001 0.517578125 0.3457031250000001 0.537109375 0.3593750000000001 0.537109375
0 0.625 0.14648437500000006 0.599609375 0.14648437500000006 0.599609375 0.18164062500000006 0.625 0.18164062500000006
0 0.64453125 0.14648437500000006 0.619140625 0.14648437500000006 0.619140625 0.18359375000000006 0.64453125 0.18359375000000006
2 0.66796875 0.14648437500000006 0.640625 0.14648437500000006 0.640625 0.18359375000000006 0.66796875 0.18359375000000006
4 0.69140625 0.14843750000000008 0.6640625 0.14843750000000006 0.6640625 0.18945312500000008 0.69140625 0.1894531250000001
6 0.7109375 0.1484375000000001 0.68359375 0.1484375000000001 0.68359375 0.1914062500000001 0.7109375 0.1914062500000001
1 0.734375 0.1503906250000001 0.70703125 0.1503906250000001 0.70703125 0.1933593750000001 0.734375 0.1933593750000001