5 0.4355468750000001 0.52734375 0.4160156250000001 0.52734375 0.4160156250000001 0.552734375 0.4355468750000001 0.552734375
0 0.4199218750000001 0.5234375 0.4042968750000001 0.5234375 0.4042968750000001 0.546875 0.4199218750000001 0.546875
6 0.4101562500000001 0.5234375 0.3906250000000001 0.5234375 0.3906250000000001 0.548828125 0.4101562500000001 0.548828125
0 0.3964843750000001 0.521484375 0.3789062500000001 0.521484375 0.3789062500000001 0.546875 0.3964843750000001 0.546875
0 0.3828125000000001 0.51953125 0.3652343750000001 0.51953125 0.3652343750000001 0.54296875 0.3828125000000001 0.54296875
0 0.3691406250000001 0.51953125 0.3535156250000001 0.51953125 0.3535156250000001 0.541015625 0.3691406250000001 0.541015625
0 0.6640625 0.19140625000000006 0.634765625 0.19140625000000006 0.634765625 0.23046875000000006 0.6640625 0.23046875000000006
0 0.68359375 0.19335937500000008 0.654296875 0.19335937500000006 0.654296875 0.23437500000000008 0.68359375 0.2343750000000001
2 0.708984375 0.19726562500000008 0.67578125 0.19726562500000006 0.67578125 0.23828125000000008 0.708984375 0.2382812500000001
4 0.732421875 0.2031250000000001 0.69921875 0.2031250000000001 0.69921875 0.2480468750000001 0.732421875 0.2480468750000001
6 0.75 0.2070312500000001 0.71875 0.2070312500000001 0.71875 0.2539062500000001 0.75 0.2539062500000001
1 0.7734375 0.2128906250000001 0.7421875 0.2128906250000001 0.7421875 0.2578125000000001 0.7734375 0.2578125000000001